#ip 2 [1, 0, 0, 0, 0, 0]
addi 2 16 2  // ip = 16                [1, 0, 16, 0, 0, 0],              
seti 1 1 3   // r[3] = 1               [0, 15322079, 1, 1, 10550400, 0]
seti 1 7 5   // r[5] = 1               [0, 15322079, 2, 1, 10550400, 1]  [0, 15322079, 2, 15322079, 0, 1]
mulr 3 5 4   // r[4] = r[3] * r[5]     [0, 15322079, 3, 1, 1, 1] [0, 15322079, 3, 1, 1, 2]  [0, 15322079, 3, 15322079, 15322079, 1]
eqrr 4 1 4   // r[4] = r[4] == r[1]    [0, 15322079, 4, 1, 0, 1] [0, 15322079, 4, 1, 0, 2] [0, 15322079, 4, 15322079, 1, 1]
addr 4 2 2   // ip = r[4] + 5          [0, 15322079, 5, 1, 0, 1] [0, 15322079, 5, 1, 0, 2] [0, 15322079, 6, 15322079, 1, 1]
addi 2 1 2   // ip = 7                 [0, 15322079, 7, 1, 0, 1] [0, 15322079, 7, 1, 0, 2] [0, 15322079, 7, 2, 0, 1]
addr 3 0 0   // r[0] = r[3] + r[0]
addi 5 1 5   // r[5]++                 [0, 15322079, 8, 1, 0, 2] [0, 15322079, 8, 1, 0, 3] [0, 15322079, 8, 2, 0, 2]
gtrr 5 1 4   // r[4] = r[5] > r[1]     [0, 15322079, 9, 1, 0, 2] [0, 15322079, 9, 1, 0, 3]   [0, 15322079, 9, 1, 1, 15322080] [0, 15322079, 8, 2, 0, 2]
addr 2 4 2   // ip = r[4] + 10         [0, 15322079, 10, 1, 0, 2] [0, 15322079, 10, 1, 0, 3] [0, 15322079, 11, 1, 1, 15322080]
seti 2 3 2   // ip = 2                 [0, 15322079, 2, 1, 0, 2] [0, 15322079, 2, 1, 0, 3]
addi 3 1 3   // r[3]++                 [0, 15322079, 12, 2, 1, 15322080]   [0, 15322079, 12, 15322079, 0, 15322080]
gtrr 3 1 4   // r[4] = r[3] > r[1]     [0, 15322079, 13, 2, 0, 15322080] [0, 15322079, 13, 15322079, 0, 15322080]
addr 4 2 2   // ip = r[4] + 14         [0, 15322079, 14, 2, 0, 15322080] [0, 15322079, 14, 15322079, 0, 15322080]
seti 1 9 2   // ip = 1                 [0, 15322079, 1, 2, 0, 15322080] [0, 15322079, 1, 15322079, 0, 15322080]
mulr 2 2 2   // ip = 16*16
addi 1 2 1   // r[1] = 2                [1, 17, 17, 0, 0, 0]
mulr 1 1 1   // r[1] = r[1] * r[1]      [1, 289, 18, 0, 0, 0]    
mulr 2 1 1   // r[1] = r[1] * 19        [1, 5491, 19, 0, 0, 0]   
muli 1 11 1  // r[1] = r[1] * 11        [1, 60401, 20, 0, 0, 0]     
addi 4 3 4   // r[4] = r[4] + 3         [1, 60401, 21, 0, 3, 0]   
mulr 4 2 4   // r[4] = r[4] * 22        [1, 60401, 22, 0, 66, 0] 
addi 4 13 4  // r[4] = r[4] + 13        [1, 60401, 23, 0, 79, 0] 
addr 1 4 1   // r[1] = r[1] + r[4]      [1, 60480, 24, 0, 79, 0]       
addr 2 0 2   // ip = ip + r[0]          [1, 60480, 26, 0, 79, 0] 
seti 0 1 2   // ip = 0                  [0, 15322079, 0, 1, 0, 1]
setr 2 0 4   // r[4] = 27               [1, 4771679, 27, 0, 27, 0] 
mulr 4 2 4   // r[4] = r[4] * 28        [1, 4771679, 28, 0, 756, 0]
addr 2 4 4   // r[4] = r[4] + 29        [1, 4771679, 29, 0, 785, 0]       [0, 15322079, 29, 2, 29, 1]
mulr 2 4 4   // r[4] = r[4] * 30        [1, 4771679, 30, 0, 23550, 0]     [0, 15322079, 30, 2, 870, 1]
muli 4 14 4  // r[4] = r[4] * 14        [1, 4771679, 31, 0, 329700, 0]    [0, 15322079, 31, 2, 870, 1]
mulr 4 2 4   // r[4] = r[4] * 32        [1, 4771679, 32, 0, 10550400, 0]
addr 1 4 1   // r[1] = r[1] + r[4]      [1, 15322079, 33, 0, 10550400, 0]
seti 0 4 0   // r[0] = 0                [0, 15322079, 34, 0, 10550400, 0]
seti 0 5 2   // ip = 0                  [0, 15322079, 0, 0, 10550400, 0]